xxxxxxxxxxxxxxxx
0000000000000000
0000000000000000
0000000000000000
0000000000000000
0000000000000000
0000000000000000
0000000000000000
0000000000000000
0000000000000000
0000000000000000
0000000000000000
0000000000000000
0000000000000000
0000000000000000
0000000000000000
0000000000000000
0000000000000000
0000000000000000
0000000000000000
0000000000000000
0000000000000000
0000000000000000
0000000000000000
0000000000000000
0000000000000000
0000000000000000
0000000000000000
0000000000000000
0000000000000000
0000000000000000
0000000000000000
0000000000000000
0000000000000000
0000000000000000
0000000000000000
0000000000000000
0000000000000000
0000000000000000
0000000000000000
0000000000000000
0000000000000000
0000000000000000
0000000000000000
0000000000000000
0000000000000000
0000000000000000
0000000000000000
0000000000000000
0000000000000000
0000000000000000
0000000000000000
0000000000000000
0000000000000000
0000000000000000
0000000000000000
0000000000000000
0000000000000000
0000000000000000
0000000000000000
0000000000000000
0000000000000000
0000000000000000
0000000000000000
0000000000000000
0000000000000000
0000000000000000
0000000000000000
0000000000000000
1111110000110000
0000000000101000
1111101110010100
1111110100000001
1111110001001110
1111110001010011
0000000001001001
1111110010010111
1111110010010101
1111111111010100
1111111010110001
1111111001010000
1111101101110000
1111110011110111
0000000000110101
1111110111011100
1111110110001000
0000000000000001
1111101111101111
1111110010010110
1111111000111001
1111111101101100
0000000000001100
1111110110000100
1111101011111011
1111111111101100
1111111110100010
1111110101101101
1111111000100011
1111101111100100
1111111111101011
1111111110011110
1111110100011101
1111111111111011
1111111010010110
1111110101110011
1111110011010110
1111111001010011
1111111111110110
1111110111011111
1111111111000100
1111111111000110
1111111000111010
1111111001010010
1111110101100000
1111101110110100
1111111110110001
1111111010000011
1111101011011011
1111111110110000
1111111101011110
1111110110011111
1111110111111010
1111110111010110
0000000000001011
1111101111000111
1111110011110101
1111111111001110
1111111001011111
1111110011111000
1111110110011110
1111110110100101
1111111110111000
1111110000001111
0000000001111110
0000000001000101
1111111100011111
1111111011110000
0000000111100011
0000000010010100
0000000000101001
0000001110011100
0000000110110111
0000000001000111
1111111100010111
0000000011000110
0000000011011101
0000000010110101
1111111100001001
0000001001001111
0000001000101111
1111111111110010
1111111010111111
1111111111111100
0000000010010001
1111111001001011
0000000000000001
0000001111010001
0000000010101000
0000000010110101
1111111101101011
0000001111010010
0000000011101101
1111111110111101
1111111111110110
0000001100000001
0000001001111110
1111111111001001
1111111101011101
0000000110111100
0000000010000110
0000001001111010
0000000011010100
1111111101010001
0000000111000101
1111111101101110
1111111110011001
0000000000010000
0000000000001101
0000000010000001
0000000010010001
0000000000010011
0000000001101100
0000000010111000
1111111000101100
0000000011010101
1111111100010100
0000000101110110
1111111101101011
0000000111011110
0000000010010101
0000000001101100
xxxxxxxxxxxxxxxx
