1000000100000000
0000000000000000
1100111100100000
0000000000000000
0001100011000000
0000000000000000
1111100101110000
0000000000000000
1111111110110000
0000000000000000
0000101001010000
0000000000000000
0000000101010000
0000000000000000
0000010110010000
0000000000000000
1111111001100000
0000000000000000
1111110011110000
0000000000000000
0000011101100000
0000000000000000
1111100001010000
0000000000000000
0000000110100000
0000000000000000
0000010011100000
0000000000000000
0000000101100000
0000000000000000
0000100000100000
0000000000000000
1111100010010000
0000000000000000
1111001100000000
0000000000000000
1111110001110000
0000000000000000
1111100101010000
0000000000000000
1111101011000000
0000000000000000
1111011001000000
0000000000000000
1111100010010000
0000000000000000
0000111000000000
0000000000000000
1111110001000000
0000000000000000
1111101000110000
0000000000000000
0001001000110000
0000000000000000
0000100101010000
0000000000000000
1111111100110000
0000000000000000
0000100011110000
0000000000000000
0000100000010000
0000000000000000
1111101010000000
0000000000000000
1111100101010000
0000000000000000
0000001101100000
0000000000000000
0000101111100000
0000000000000000
0000000001000000
0000000000000000
0000000000010000
0000000000000000
1111111110110000
0000000000000000
0000001100110000
0000000000000000
0000000110000000
0000000000000000
1111101010100000
0000000000000000
1111101101110000
0000000000000000
1111011100100000
0000000000000000
1111001101010000
0000000000000000
0000000011000000
0000000000000000
0000000010010000
0000000000000000
0000010111110000
0000000000000000
0000011011010000
0000000000000000
1111011010000000
0000000000000000
1111010100100000
0000000000000000
1111011000110000
0000000000000000
1111011011010000
0000000000000000
0000101010010000
0000000000000000
1111110000110000
0000000000000000
1111000101010000
0000000000000000
1111111100000000
0000000000000000
1111010011110000
0000000000000000
1111001110110000
0000000000000000
0000001001100000
0000000000000000
0000011011100000
0000000000000000
1111010010110000
0000000000000000
1111101000010000
0000000000000000
0001010000100000
0000000000000000
1101100000010000
0000000000000000
0010011110110000
0000000000000000
0011101100000000
0000000000000000
0001001111100000
0000000000000000
1111100010110000
0000000000000000
0000010010000000
0000000000000000
1111111110010000
0000000000000000
0000011010000000
0000000000000000
0000000011110000
0000000000000000
0000100001110000
0000000000000000
0000110101100000
0000000000000000
0000011101110000
0000000000000000
1111010111100000
0000000000000000
1111111010010000
0000000000000000
0000111101000000
0000000000000000
0000001011010000
0000000000000000
1111010101010000
0000000000000000
1111010010000000
0000000000000000
1111011111010000
0000000000000000
1111100010100000
0000000000000000
1111110111100000
0000000000000000
1111111100000000
0000000000000000
1111100000000000
0000000000000000
0000101000010000
0000000000000000
1111110111000000
0000000000000000
1111001110000000
0000000000000000
1111110010000000
0000000000000000
1111101000010000
0000000000000000
1111101110000000
0000000000000000
1110110010000000
0000000000000000
1110100000110000
0000000000000000
1111111111110000
0000000000000000
0000011100110000
0000000000000000
0000001110100000
0000000000000000
0001001110100000
0000000000000000
0000100101000000
0000000000000000
0000000101000000
0000000000000000
1111111110010000
0000000000000000
1111011110010000
0000000000000000
0000001000010000
0000000000000000
0001001001110000
0000000000000000
1111111100010000
0000000000000000
1110100111000000
0000000000000000
0000000000110000
0000000000000000
1111110110100000
0000000000000000
1111001011000000
0000000000000000
1110110001010000
0000000000000000
1111011111010000
0000000000000000
1111110101010000
0000000000000000
0000011110100000
0000000000000000
0000011000110000
0000000000000000
0000001100110000
0000000000000000
0000101101100000
0000000000000000
1111100111110000
0000000000000000
1111110101000000
0000000000000000
1111011001110000
0000000000000000
1111110011010000
0000000000000000
0000011000100000
0000000000000000
1111001010100000
0000000000000000
0000000000100000
0000000000000000
0000101011000000
0000000000000000
1110100111100000
0000000000000000
0000000011000000
0000000000000000
0000110011110000
0000000000000000
1111111010110000
0000000000000000
0000000000000000
0000000000000000
0000000000000000
0000000000000000
0000000000000000
0000000000000000
0000000000000000
0000000000000000
0000000000000000
0000000000000000
0000000000000000
0000000000000000
0000000000000000
0000000000000000
0000000000000000
0000000000000000
0000000000000000
0000000000000000
0000000000000000
0000000000000000
0000000000000000
0000000000000000
0000000000000000
0000000000000000
0000000000000000
0000000000000000
0000000000000000
0000000000000000
0000000000000000
0000000000000000
0000000000000000
0000000000000000
0000000000000000
0000000000000000
0000000000000000
0000000000000000
0000000000000000
0000000000000000
0000000000000000
0000000000000000
0000000000000000
0000000000000000
0000000000000000
0000000000000000
0000000000000000
0000000000000000
0000000000000000
0000000000000000
0000000000000000
0000000000000000
0000000000000000
0000000000000000
0000000000000000
0000000000000000
0000000000000000
0000000000000000
0000000000000000
0000000000000000
0000000000000000
0000000000000000
0000000000000000
0000000000000000
0000000000000000
0000000000000000
0000000000000000
0000000000000000
0000000000000000
0000000000000000
0000000000000000
0000000000000000
0000000000000000
0000000000000000
0000000000000000
0000000000000000
0000000000000000
0000000000000000
0000000000000000
0000000000000000
0000000000000000
0000000000000000
0000000000000000
0000000000000000
0000000000000000
0000000000000000
0000000000000000
0000000000000000
0000000000000000
0000000000000000
0000000000000000
0000000000000000
0000000000000000
0000000000000000
0000000000000000
0000000000000000
0000000000000000
0000000000000000
0000000000000000
0000000000000000
0000000000000000
0000000000000000
0000000000000000
0000000000000000
0000000000000000
0000000000000000
0000000000000000
0000000000000000
0000000000000000
0000000000000000
0000000000000000
0000000000000000
0000000000000000
0000000000000000
0000000000000000
0000000000000000
0000000000000000
0000000000000000
0000000000000000
0000000000000000
0000000000000000
0000000000000000
0000000000000000
0000000000000000
0000000000000000
0000000000000000
0000000000000000
0000000000000000
0000000000000000
0000000000000000
