0000000000000000
0000000000000000
0000000000000000
0000000000000000
0000000000000000
0000000000000000
0000000000000000
0000000000000000
0000000000000000
0000000000000000
0000000000000000
0000000000000000
0000000000000000
0000000000000000
0000000000000000
0000000000000000
0000000000000000
0000000000000000
0000000000000000
0000000000000000
0000000000000000
0000000000000000
0000000000000000
0000000000000000
0000000000000000
0000000000000000
0000000000000000
0000000000000000
0000000000000000
0000000000000000
0000000000000000
0000000000000000
0000000000000000
0000000000000000
0000000000000000
0000000000000000
0000000000000000
0000000000000000
0000000000000000
0000000000000000
0000000000000000
0000000000000000
0000000000000000
0000000000000000
0000000000000000
0000000000000000
0000000000000000
0000000000000000
0000000000000000
0000000000000000
0000000000000000
0000000000000000
0000000000000000
0000000000000000
0000000000000000
0000000000000000
0000000000000000
0000000000000000
0000000000000000
0000000000000000
0000000000000000
0000000000000000
0000000000000000
0000000000000000
0000000000000000
0000000000000000
0000000000000000
0000000000000000
0000000000000000
0000000000000000
0000000000000000
0000000000000000
0000000000000000
0000000000000000
0000000000000000
0000000000000000
0000000000000000
0000000000000000
0000000000000000
0000000000000000
0000000000000000
0000000000000000
0000000000000000
0000000000000000
0000000000000000
0000000000000000
0000000000000000
0000000000000000
0000000000000000
0000000000000000
0000000000000000
0000000000000000
0000000000000000
0000000000000000
0000000000000000
0000000000000000
0000000000000000
0000000000000000
0000000000000000
0000000000000000
0000000000000000
0000000000000000
0000000000000000
0000000000000000
0000000000000000
0000000000000000
0000000000000000
0000000000000000
0000000000000000
0000000000000000
0000000000000000
0000000000000000
0000000000000000
0000000000000000
0000000000000000
0000000000000000
0000000000000000
0000000000000000
0000000000000000
0000000000000000
0000000000000000
0000000000000000
0000000000000000
0000000000000000
0000000000000000
0000000000000000
0000000000000000
0000000000000000
0000000000000000
0000000000000000
0000000000000000
0000000000000000
0000000000000000
1111111100110100
1111110011010010
1111110111000110
1111111000010111
1111111001000011
1111111110011110
1111111010010011
1111111100101011
0000000011011111
0000000010111010
1111110001110100
1111111110011110
1111111111010111
1111111101100001
1111111101111000
1111111110000101
1111111101001000
0000000010000001
1111111001100010
1111111100101011
1111110110101001
1111111100111110
1111111100010000
0000000000001000
0000000000000001
0000000000001111
1111111111110100
1111111111101110
0000000000000100
1111111111100110
0000000001100101
1111111111101001
0000000000101000
1111111111111001
1111111110110111
1111111110010011
1111111111011010
1111111111101000
0000000000001111
0000000000010101
1111110010101110
1111111011101111
1111111111001011
1111111110110011
1111111111000101
1111111000100001
1111111011111001
1111111101001111
1111110110011100
0000000000100101
0000000000100001
1111111000011110
1111111011011010
1111111001010010
1111111011011000
0000000011111110
1111111100010011
1111111000010010
xxxxxxxxxxxxxxxx
