0000000000000000
0000000000000000
0000000000000000
0000000000000000
0000000000000000
0000000000000000
0000000000000000
0000000000000000
0000000000000000
0000000000000000
0000000000000000
0000000000000000
0000000000000000
0000000000000000
0000000000000000
0000000000000000
0000000000000000
0000000000000000
0000000000000000
0000000000000000
0000000000000000
0000000000000000
0000000000000000
0000000000000000
0000000000000000
0000000000000000
0000000000000000
0000000000000000
0000000000000000
0000000000000000
0000000000000000
0000000000000000
0000000000000000
0000000000000000
0000000000000000
0000000000000000
0000000000000000
0000000000000000
0000000000000000
0000000000000000
0000000000000000
0000000000000000
0000000000000000
0000000000000000
0000000000000000
0000000000000000
0000000000000000
0000000000000000
0000000000000000
0000000000000000
0000000000000000
0000000000000000
0000000000000000
0000000000000000
0000000000000000
0000000000000000
0000000000000000
0000000000000000
0000000000000000
0000000000000000
0000000000000000
0000000000000000
0000000000000000
0000000000000000
0000000000000000
0000000000000000
0000000000000000
0000000000000000
1111110011001111
0000000001110111
1111111111101000
0000001100000011
1111111010100000
0000010110010001
0000000001101101
1111111011011110
1111110011001110
0000000011010110
1111111011110111
0000000100001001
1111111010111011
0000000111111111
0000000001110001
1111111111011001
1111110111000101
0000000010101100
1111111111010110
1111111111010100
1111110010110000
0000000100011110
0000000010001111
1111111001111000
1111101110101001
0000000010100111
0000000000001101
0000000000100111
1111111110111110
0000001001101110
0000000011000111
0000000001110101
1111110101110001
0000000010100100
0000000101000100
0000000000111001
1111111100101101
0000001010000001
0000000010110001
0000000000110011
0000000000111101
0000000011011101
0000000011001011
0000000101001111
1111111101000101
0000001110101001
0000000011100100
1111111100101000
1111101100100110
0000000100001011
0000000000000100
0000000110111100
1111111101010111
0000000111101000
0000000010001111
1111110101011110
1111110110111111
0000000010111000
0000000110101111
1111110111101111
1111111111101011
0000000110001010
0000000011100110
1111110011010101
1111111111100100
1111111100011111
0000001110100010
1111101100100101
0000000111001101
1111110110000011
1111111110010111
1111111101000110
0000000101011001
1111111101011000
0000000101101111
1111101101110100
0000000111100101
1111100101001000
0000000000101010
1111111110010000
0000000110000001
1111111110000111
0000001111100110
1111111001000011
1111111111101111
1111110100110110
1111111101100111
0000000010100011
0000000101101111
1111111011111111
0000000001101000
1111111100111110
1111111111100110
1111100101110001
1111111110001111
0000000111000111
0000000111111111
1111111110010111
0000000101011101
1111101000000010
0000000100101101
1111101010001001
1111111101001000
1111110001001110
0000001000110000
1111111111001010
0000000010101010
1111101101001110
0000000010010000
1111110001010100
1111111011101011
1111111011011111
0000000001000011
1111111011000101
0000001010101101
1111111011111111
0000000110000100
1111101100100110
0000000000111010
0000000100111011
0000000011010010
1111111100111111
0000000011110001
xxxxxxxxxxxxxxxx
