0000000000000000
0000000000000000
0000000000000000
0000000000000000
0000000000000000
0000000000000000
0000000000000000
0000000000000000
0000000000000000
0000000000000000
0000000000000000
0000000000000000
0000000000000000
0000000000000000
0000000000000000
0000000000000000
0000000000000000
0000000000000000
0000000000000000
0000000000000000
0000000000000000
0000000000000000
0000000000000000
0000000000000000
0000000000000000
0000000000000000
0000000000000000
0000000000000000
0000000000000000
0000000000000000
0000000000000000
0000000000000000
0000000000000000
0000000000000000
0000000000000000
0000000000000000
0000000000000000
0000000000000000
0000000000000000
0000000000000000
0000000000000000
0000000000000000
0000000000000000
0000000000000000
0000000000000000
0000000000000000
0000000000000000
0000000000000000
0000000000000000
0000000000000000
0000000000000000
0000000000000000
0000000000000000
0000000000000000
0000000000000000
0000000000000000
0000000000000000
0000000000000000
0000000000000000
0000000000000000
0000000000000000
0000000000000000
0000000000000000
0000000000000000
0000000000000000
0000000000000000
0000000000000000
0000000000000000
1111111110001001
0000000000101101
0000010011000000
1111110101010110
0000001110010000
0000000000010100
0000000000011111
1111110101000101
0000000000001001
0000000001100110
0000001001101110
1111111001010110
0000010001111101
1111110110011101
0000000000111100
1111110010011101
1111111010100001
0000000010011011
0000010010100001
1111110100000011
1111111111010110
1111111111110110
0000000001010111
1111111100010110
0000000111110000
0000000000111101
0000000100100110
1111110110001101
0000001000001111
1111110010000001
1111111111110110
1111111100111001
1111110101110100
0000000001011010
0000000110110000
1111110111001111
0000001100111110
1111111110110101
0000000001001111
1111110101111110
0000000000011011
0000000001001110
0000001001000000
1111111000010000
0000001010101011
1111110011000011
0000000010000011
0000000000001011
0000000000000000
0000000010100101
0000000100101101
1111110110000010
0000000111110000
1111111010010000
0000000001011110
1111110101110111
0000000110011111
0000000000100100
0000000110010001
1111111010011111
0000001010100111
1111111000001110
0000000001110001
1111111010101000
0000000100011001
1111111111001010
1111111111110001
1111111000000000
1111111011001100
1111111000000001
1111111010100001
0000010001001011
1111111101001010
1111111110101100
1111111100110100
0000000110001010
1111111100101000
1111110101001100
1111111110111000
0000010010110101
1111111001111010
1111111101110110
1111111101110010
1111111101000111
1111111010111101
1111101110001110
1111111100001000
0000010000010011
0000000011101101
1111111110111110
1111111100010101
0000001111000011
1111111000110110
1111110110011101
1111111001101011
0000001010000001
0000000000000011
1111111011101001
1111111110000010
0000000101010111
1111111111010101
1111111001001001
1111110111100100
0000000111000010
0000000010000111
1111111010011000
1111111011010110
0000000101010100
1111111101011011
1111111010101010
1111111010101110
0000000100010011
0000000001110101
1111111101111100
1111111111111001
0000000000001111
0000000100111101
1111111001110100
1111111010111010
1111111110011010
1111111111100010
1111111110001101
1111110110001000
xxxxxxxxxxxxxxxx
