1100111110010000
0000000000000000
1111010101000000
0000000000000000
1111010001100000
0000000000000000
1111000011010000
0000000000000000
1111111100110000
0000000000000000
1111100011110000
0000000000000000
1111011000000000
0000000000000000
1111101111000000
0000000000000000
0000010001000000
0000000000000000
0000001000000000
0000000000000000
1111101111100000
0000000000000000
1111101101110000
0000000000000000
1111100000000000
0000000000000000
1111010010110000
0000000000000000
0001000101110000
0000000000000000
0001001000110000
0000000000000000
0000010010000000
0000000000000000
0000011101100000
0000000000000000
0000000000010000
0000000000000000
0000000101100000
0000000000000000
0000010010100000
0000000000000000
0000001011000000
0000000000000000
0000100111110000
0000000000000000
0000001110110000
0000000000000000
1111110110010000
0000000000000000
1111111111000000
0000000000000000
1111110100000000
0000000000000000
0000100110100000
0000000000000000
0000101011100000
0000000000000000
1111110101110000
0000000000000000
0000110010010000
0000000000000000
0000001110000000
0000000000000000
1111010111100000
0000000000000000
1111101010010000
0000000000000000
1111110010110000
0000000000000000
1111111111110000
0000000000000000
1111110110100000
0000000000000000
1111101000000000
0000000000000000
0000100001010000
0000000000000000
1111111110100000
0000000000000000
1111111011000000
0000000000000000
0001100000100000
0000000000000000
0001010001000000
0000000000000000
0000011100000000
0000000000000000
1111011010010000
0000000000000000
1110111011100000
0000000000000000
1111101111000000
0000000000000000
1111011001010000
0000000000000000
1111011000100000
0000000000000000
1111110110100000
0000000000000000
1111001011100000
0000000000000000
0000001101110000
0000000000000000
0000100011010000
0000000000000000
1111011110010000
0000000000000000
0000010000100000
0000000000000000
0000101110100000
0000000000000000
0000011010000000
0000000000000000
0000010101110000
0000000000000000
0000000010100000
0000000000000000
0000010010000000
0000000000000000
1111100101000000
0000000000000000
1111011110010000
0000000000000000
0000111110010000
0000000000000000
1110101011000000
0000000000000000
0111111100000000
0000000000000000
0000101101100000
0000000000000000
1101001101110000
0000000000000000
0000101010110000
0000000000000000
1111110111010000
0000000000000000
1111001010100000
0000000000000000
0000100101000000
0000000000000000
1111111010010000
0000000000000000
1111110000000000
0000000000000000
1111110001010000
0000000000000000
1111101100000000
0000000000000000
0000111001110000
0000000000000000
0000010111000000
0000000000000000
1111110000010000
0000000000000000
1110111000110000
0000000000000000
1111011000110000
0000000000000000
0000100011000000
0000000000000000
0000111000110000
0000000000000000
0000000111000000
0000000000000000
0000011011110000
0000000000000000
1111110001010000
0000000000000000
0000011101110000
0000000000000000
0000011100010000
0000000000000000
1111101001000000
0000000000000000
1111110100110000
0000000000000000
1111101110110000
0000000000000000
1111001011100000
0000000000000000
1111101011000000
0000000000000000
0000010000000000
0000000000000000
0000111100000000
0000000000000000
0000010010110000
0000000000000000
0000100001000000
0000000000000000
0000010110110000
0000000000000000
0000010101010000
0000000000000000
1111001101100000
0000000000000000
1111111001100000
0000000000000000
0000010011110000
0000000000000000
1111000001100000
0000000000000000
1111111111100000
0000000000000000
0000100010100000
0000000000000000
1111010100110000
0000000000000000
1111110010000000
0000000000000000
0000100101110000
0000000000000000
0000010100100000
0000000000000000
1111110100000000
0000000000000000
1111101011010000
0000000000000000
1111101011110000
0000000000000000
0001001101110000
0000000000000000
0000101001100000
0000000000000000
1111111000100000
0000000000000000
0000000001100000
0000000000000000
1111011100100000
0000000000000000
0000010010100000
0000000000000000
0000101111110000
0000000000000000
1111101011000000
0000000000000000
1111011001110000
0000000000000000
0000011011000000
0000000000000000
0000100110100000
0000000000000000
1111101111100000
0000000000000000
1110001101100000
0000000000000000
0000010101100000
0000000000000000
0001011110110000
0000000000000000
1101100001000000
0000000000000000
0010011010010000
0000000000000000
0000000000000000
0000000000000000
0000000000000000
0000000000000000
0000000000000000
0000000000000000
0000000000000000
0000000000000000
0000000000000000
0000000000000000
0000000000000000
0000000000000000
0000000000000000
0000000000000000
0000000000000000
0000000000000000
0000000000000000
0000000000000000
0000000000000000
0000000000000000
0000000000000000
0000000000000000
0000000000000000
0000000000000000
0000000000000000
0000000000000000
0000000000000000
0000000000000000
0000000000000000
0000000000000000
0000000000000000
0000000000000000
0000000000000000
0000000000000000
0000000000000000
0000000000000000
0000000000000000
0000000000000000
0000000000000000
0000000000000000
0000000000000000
0000000000000000
0000000000000000
0000000000000000
0000000000000000
0000000000000000
0000000000000000
0000000000000000
0000000000000000
0000000000000000
0000000000000000
0000000000000000
0000000000000000
0000000000000000
0000000000000000
0000000000000000
0000000000000000
0000000000000000
0000000000000000
0000000000000000
0000000000000000
0000000000000000
0000000000000000
0000000000000000
0000000000000000
0000000000000000
0000000000000000
0000000000000000
0000000000000000
0000000000000000
0000000000000000
0000000000000000
0000000000000000
0000000000000000
0000000000000000
0000000000000000
0000000000000000
0000000000000000
0000000000000000
0000000000000000
0000000000000000
0000000000000000
0000000000000000
0000000000000000
0000000000000000
0000000000000000
0000000000000000
0000000000000000
0000000000000000
0000000000000000
0000000000000000
0000000000000000
0000000000000000
0000000000000000
0000000000000000
0000000000000000
0000000000000000
0000000000000000
0000000000000000
0000000000000000
0000000000000000
0000000000000000
0000000000000000
0000000000000000
0000000000000000
0000000000000000
0000000000000000
0000000000000000
0000000000000000
0000000000000000
0000000000000000
0000000000000000
0000000000000000
0000000000000000
0000000000000000
0000000000000000
0000000000000000
0000000000000000
0000000000000000
0000000000000000
0000000000000000
0000000000000000
0000000000000000
0000000000000000
0000000000000000
0000000000000000
0000000000000000
0000000000000000
