0000000000000000
0000000000000000
0000000000000000
0000000000000000
0000000000000000
0000000000000000
0000000000000000
0000000000000000
0000000000000000
0000000000000000
0000000000000000
0000000000000000
0000000000000000
0000000000000000
0000000000000000
0000000000000000
0000000000000000
0000000000000000
0000000000000000
0000000000000000
0000000000000000
0000000000000000
0000000000000000
0000000000000000
0000000000000000
0000000000000000
0000000000000000
0000000000000000
0000000000000000
0000000000000000
0000000000000000
0000000000000000
0000000000000000
0000000000000000
0000000000000000
0000000000000000
0000000000000000
xxxxxxxxxxxxxxxx
0000000000000000
0000000000000000
0000000000000000
0000000000000000
0000000000000000
0000000000000000
0000000000000000
0000000000000000
0000000000000000
0000000000000000
0000000000000000
0000000000000000
0000000000000000
0000000000000000
0000000000000000
0000000000000000
0000000000000000
0000000000000000
0000000000000000
0000000000000000
0000000000000000
0000000000000000
0000000000000000
0000000000000000
0000000000000000
0000000000000000
0000000000000000
0000000000000000
0000000000000000
0000000000000000
0000000000000000
0000000000000000
0000000000000000
0000000000000000
0000000000000000
0000000000000000
0000000000000000
0000000000000000
0000000000000000
0000000000000000
0000000000000000
0000000000000000
0000000000000000
0000000000000000
0000000000000000
0000000000000000
0000000000000000
0000000000000000
0000000000000000
0000000000000000
0000000000000000
0000000000000000
0000000000000000
0000000000000000
0000000000000000
0000000000000000
0000000000000000
0000000000000000
0000000000000000
0000000000000000
0000000000000000
0000000000000000
0000000000000000
0000000000000000
0000000000000000
0000000000000000
0000000000000000
0000000000000000
0000000000000000
0000000000000000
0000000000000000
0000000000000000
0000000000000000
0000000000000000
0000000000000000
0000000000000000
0000000000000000
0000000000000000
0000000000000000
0000000000000000
0000000000000000
0000000000000000
0000000000000000
0000000000000000
0000000000000000
0000000000000000
0000000000000000
0000000000000000
0000000000000000
0000000000000000
0000000000000000
0000000000000000
0000000000000000
0000000000000000
0000000000000000
0000000000000000
0000000000000000
0000000000000000
0000000000000000
0000000000000000
0000000000000000
0000000000000000
0000000000000000
0000000000000000
0000000000000000
0000000000000000
0000000000000000
0000000000000000
0000000000000000
0000000000000000
0000000000000000
0000000000000000
0000000000000000
0000000000000000
0000000000000000
0000000000000000
0000000000000000
0000000000000000
0000000000000000
0000000000000000
0000000000000000
0000000000000000
0000000000000000
0000000000000000
0000000000000000
0000000000000000
0000000000000000
0000000000000000
0000000000000000
0000000000000000
0000000000000000
0000000000000000
0000000000000000
0000000000000000
0000000000000000
0000000000000000
0000000000000000
0000000000000000
0000000000000000
0000000000000000
0000000000000000
0000000000000000
0000000000000000
0000000000000000
0000000000000000
0000000000000000
0000000000000000
0000000000000000
0000000000000000
0000000000000000
0000000000000000
0000000000000000
0000000000000000
0000000000000000
0000000000000000
0000000000000000
0000000000000000
0000000000000000
0000000000000000
0000000000000000
0000000000000000
0000000000000000
0000000000000000
0000000000000000
0000000000000000
0000000000000000
0000000000000000
0000000000000000
0000000000000000
0000000000000000
0000000000000000
0000000000000000
0000000000000000
0000000000000000
0000000000000000
0000000000000000
0000000000000000
0000000000000000
0000000000000000
0000000000000000
0000000000000000
0000000000000000
0000000000000000
0000000000000000
0000000000000000
0000000000000000
0000000000000000
0000000000000000
0000000000000000
0000000000000000
0000000000000000
0000000000000000
0000000000000000
0000000000000000
0000000000000000
0000000000000000
0000000000000000
0000000000000000
0000000000000000
0000000000000000
0000000000000000
0000000000000000
0000000000000000
0000000000000000
0000000000000000
0000000000000000
0000000000000000
0000000000000000
0000000000000000
0000000000000000
0000000000000000
0000000000000000
0000000000000000
0000000000000000
0000000000000000
0000000000000000
0000000000000000
0000000000000000
0000000000000000
0000000000000000
0000000000000000
0000000000000000
0000000000000000
0000000000000000
1111111110011010
1111111001101001
1111111011100011
1111111100001011
1111111100100001
1111111111001111
1111111101001001
1111111110010101
0000000001101111
0000000001011101
1111111000111010
1111111111001111
1111111111101011
1111111110110000
1111111110111100
1111111111000010
1111111110100100
0000000001000000
1111111100110001
1111111110010101
1111111011010100
1111111110011111
1111111110001000
0000000000000100
0000000000000000
0000000000000111
1111111111111010
1111111111110111
0000000000000010
1111111111110011
0000000000110010
1111111111110100
0000000000010100
1111111111111100
1111111111011011
1111111111001001
1111111111101101
1111111111110100
0000000000000111
0000000000001010
1111111001010111
1111111101110111
1111111111100101
1111111111011001
1111111111100010
1111111100010000
1111111101111100
1111111110100111
1111111011001110
0000000000010010
0000000000010000
1111111100001111
1111111101101101
1111111100101001
1111111101101100
0000000001111111
1111111110001001
1111111100001001
0000000000010100
1111111110000000
1111111001101110
0000000000010011
1111111101111000
1111111101011010
1111111110011010
1111111001101001
1111111011100011
1111111100001011
1111111100100001
1111111111001111
1111111101001001
1111111110010101
0000000001101111
0000000001011101
1111111000111010
1111111111001111
1111111111101011
1111111110110000
1111111110111100
1111111111000010
1111111110100100
0000000001000000
1111111100110001
1111111110010101
1111111011010100
1111111110011111
1111111110001000
0000000000000100
0000000000000000
0000000000000111
1111111111111010
1111111111110111
0000000000000010
1111111111110011
0000000000110010
1111111111110100
0000000000010100
1111111111111100
1111111111011011
1111111111001001
1111111111101101
1111111111110100
0000000000000111
0000000000001010
1111111001010111
1111111101110111
1111111111100101
1111111111011001
1111111111100010
1111111100010000
1111111101111100
1111111110100111
1111111011001110
0000000000010010
0000000000010000
1111111100001111
1111111101101101
1111111100101001
1111111101101100
0000000001111111
1111111110001001
1111111100001001
0000000000010100
1111111110000000
1111111001101110
0000000000010011
1111111101111000
1111111101011010
0000000100000100
0000000010011001
1111111111101010
0000000011001010
0000000001111010
0000000101001101
0000000101010111
0000000011000100
0000000011000001
0000000011101110
0000000000100010
0000000101110010
0000000100101011
0000000010011001
0000000000101001
0000000010000101
0000001000011110
0000000011110100
0000001000101011
0000000101110000
0000000011101010
0000000010011100
0000000001101010
0000000100010101
0000000000111000
0000000001101010
0000000000000100
0000000001011000
1111111111010111
0000000000011101
0000000001010100
0000000001000010
1111111110100011
0000000000010001
1111111111001010
1111111111100011
1111111110111010
0000000000011100
1111111111010011
1111111111011011
0000000100001010
0000001000011111
0000000111100010
0000001000000011
0000001100101001
0000000110000110
0000001100001111
0000001001010101
0000001000100000
0000001011001010
0000000010010011
0000000001010101
0000001001001011
0000001001010110
0000000101011110
0000000100000101
0000000111100100
0000001000000110
0000000110111100
1111111111001110
0000001010010011
0000000100001010
0000000101110100
0000000011011001
0000000100000100
0000000010011001
1111111111101010
0000000011001010
0000000001111010
0000000101001101
0000000101010111
0000000011000100
0000000011000001
0000000011101110
0000000000100010
0000000101110010
0000000100101011
0000000010011001
0000000000101001
0000000010000101
0000001000011110
0000000011110100
0000001000101011
0000000101110000
0000000011101010
0000000010011100
0000000001101010
0000000100010101
0000000000111000
0000000001101010
0000000000000100
0000000001011000
1111111111010111
0000000000011101
0000000001010100
0000000001000010
1111111110100011
0000000000010001
1111111111001010
1111111111100011
1111111110111010
0000000000011100
1111111111010011
1111111111011011
0000000100001010
0000001000011111
0000000111100010
0000001000000011
0000001100101001
0000000110000110
0000001100001111
0000001001010101
0000001000100000
0000001011001010
0000000010010011
0000000001010101
0000001001001011
0000001001010110
0000000101011110
0000000100000101
0000000111100100
0000001000000110
0000000110111100
1111111111001110
0000001010010011
0000000100001010
0000000101110100
0000000011011001
0000000000000000
0000000000000000
0000000000000000
0000000000000000
0000000000000000
0000000000000000
0000000000000000
0000000000000000
0000000000000000
0000000000000000
0000000000000000
0000000000000000
0000000000000000
0000000000000000
0000000000000000
0000000000000000
0000000000000000
0000000000000000
0000000000000000
0000000000000000
0000000000000000
0000000000000000
0000000000000000
0000000000000000
0000000000000000
0000000000000000
0000000000000000
0000000000000000
0000000000000000
0000000000000000
0000000000000000
0000000000000000
0000000000000000
0000000000000000
0000000000000000
0000000000000000
0000000000000000
0000000000000000
0000000000000000
0000000000000000
0000000000000000
0000000000000000
0000000000000000
0000000000000000
0000000000000000
0000000000000000
0000000000000000
0000000000000000
0000000000000000
0000000000000000
0000000000000000
0000000000000000
0000000000000000
0000000000000000
0000000000000000
0000000000000000
0000000000000000
0000000000000000
0000000000000000
0000000000000000
0000000000000000
0000000000000000
0000000000000000
0000000000000000
0000000000000000
0000000000000000
0000000000000000
0000000000000000
0000000000000000
0000000000000000
0000000000000000
0000000000000000
0000000000000000
0000000000000000
0000000000000000
0000000000000000
0000000000000000
0000000000000000
0000000000000000
0000000000000000
0000000000000000
0000000000000000
0000000000000000
0000000000000000
0000000000000000
0000000000000000
0000000000000000
0000000000000000
0000000000000000
0000000000000000
0000000000000000
0000000000000000
0000000000000000
0000000000000000
0000000000000000
0000000000000000
0000000000000000
0000000000000000
0000000000000000
0000000000000000
0000000000000000
0000000000000000
0000000000000000
0000000000000000
0000000000000000
0000000000000000
0000000000000000
0000000000000000
0000000000000000
0000000000000000
0000000000000000
0000000000000000
0000000000000000
0000000000000000
0000000000000000
0000000000000000
0000000000000000
0000000000000000
0000000000000000
0000000000000000
0000000000000000
0000000000000000
0000000000000000
0000000000000000
0000000000000000
0000000000000000
0000000000000000
0000000000000000
0000000000000000
0000000000000000
0000000000000000
0000000000000000
0000000000000000
xxxxxxxxxxxxxxxx
xxxxxxxxxxxxxxxx
