0000000000000000
0000000000000000
0000000000000000
0000000000000000
0000000000000000
0000000000000000
0000000000000000
0000000000000000
0000000000000000
0000000000000000
0000000000000000
0000000000000000
0000000000000000
0000000000000000
0000000000000000
0000000000000000
0000000000000000
0000000000000000
0000000000000000
0000000000000000
0000000000000000
0000000000000000
0000000000000000
0000000000000000
0000000000000000
0000000000000000
0000000000000000
0000000000000000
0000000000000000
0000000000000000
0000000000000000
0000000000000000
0000000000000000
0000000000000000
0000000000000000
0000000000000000
0000000000000000
xxxxxxxxxxxxxxxx
0000000000000000
0000000000000000
0000000000000000
0000000000000000
0000000000000000
0000000000000000
0000000000000000
0000000000000000
0000000000000000
0000000000000000
0000000000000000
0000000000000000
0000000000000000
0000000000000000
0000000000000000
0000000000000000
0000000000000000
0000000000000000
0000000000000000
0000000000000000
0000000000000000
0000000000000000
0000000000000000
0000000000000000
0000000000000000
0000000000000000
0000000000000000
0000000000000000
0000000000000000
0000000000000000
0000000000000000
0000000000000000
0000000000000000
0000000000000000
0000000000000000
0000000000000000
0000000000000000
0000000000000000
0000000000000000
0000000000000000
0000000000000000
0000000000000000
0000000000000000
0000000000000000
0000000000000000
0000000000000000
0000000000000000
0000000000000000
0000000000000000
0000000000000000
0000000000000000
0000000000000000
0000000000000000
0000000000000000
0000000000000000
0000000000000000
0000000000000000
0000000000000000
0000000000000000
0000000000000000
0000000000000000
0000000000000000
0000000000000000
0000000000000000
0000000000000000
0000000000000000
0000000000000000
0000000000000000
0000000000000000
0000000000000000
0000000000000000
0000000000000000
0000000000000000
0000000000000000
0000000000000000
0000000000000000
0000000000000000
0000000000000000
0000000000000000
0000000000000000
0000000000000000
0000000000000000
0000000000000000
0000000000000000
0000000000000000
0000000000000000
0000000000000000
0000000000000000
0000000000000000
0000000000000000
0000000000000000
0000000000000000
0000000000000000
0000000000000000
0000000000000000
0000000000000000
0000000000000000
0000000000000000
0000000000000000
0000000000000000
0000000000000000
0000000000000000
0000000000000000
0000000000000000
0000000000000000
0000000000000000
0000000000000000
0000000000000000
0000000000000000
0000000000000000
0000000000000000
0000000000000000
0000000000000000
0000000000000000
0000000000000000
0000000000000000
0000000000000000
0000000000000000
0000000000000000
0000000000000000
0000000000000000
0000000000000000
0000000000000000
0000000000000000
0000000000000000
0000000000000000
0000000000000000
0000000000000000
0000000000000000
0000000000000000
0000000000000000
0000000000000000
0000000000000000
0000000000000000
0000000000000000
0000000000000000
0000000000000000
0000000000000000
0000000000000000
0000000000000000
0000000000000000
0000000000000000
0000000000000000
0000000000000000
0000000000000000
0000000000000000
0000000000000000
0000000000000000
0000000000000000
0000000000000000
0000000000000000
0000000000000000
0000000000000000
0000000000000000
0000000000000000
0000000000000000
0000000000000000
0000000000000000
0000000000000000
0000000000000000
0000000000000000
0000000000000000
0000000000000000
0000000000000000
0000000000000000
0000000000000000
0000000000000000
0000000000000000
0000000000000000
0000000000000000
0000000000000000
0000000000000000
0000000000000000
0000000000000000
0000000000000000
0000000000000000
0000000000000000
0000000000000000
0000000000000000
0000000000000000
0000000000000000
0000000000000000
0000000000000000
0000000000000000
0000000000000000
0000000000000000
0000000000000000
0000000000000000
0000000000000000
0000000000000000
0000000000000000
0000000000000000
0000000000000000
0000000000000000
0000000000000000
0000000000000000
0000000000000000
0000000000000000
0000000000000000
0000000000000000
0000000000000000
0000000000000000
0000000000000000
0000000000000000
0000000000000000
0000000000000000
0000000000000000
0000000000000000
0000000000000000
0000000000000000
0000000000000000
0000000000000000
0000000000000000
0000000000000000
0000000000000000
0000000000000000
0000000000000000
0000000000000000
0000000000000000
0000000000000000
0000000000000000
0000000000000000
0000000000000000
0000000000000000
1111111000011000
1111111010001110
1111111011000100
1111110101101101
1111111001001010
1111111111100010
1111110101111101
1111111001111010
1111111000100111
1111111001101011
1111111100011100
1111111011111101
1111110110111000
1111111010110000
1111111100010001
1111111011001111
1111110111001010
1111111101001011
1111110111110111
1111111110101111
1111111101011000
1111111100011101
1111111111010001
1111111100101111
0000000000100100
1111111111111011
0000000000000110
0000000000000101
0000000000011010
1111111111011000
1111111111110101
1111111111011100
0000000000010100
1111111111111101
0000000000000000
1111111111011000
1111111111101010
1111111111100011
1111111111110110
1111111111100111
1111111000101001
1111111100101001
1111111110110110
1111111011101011
1111111001111011
1111110111011010
1111110111110010
1111111011010010
1111111010000000
1111111010111001
1111111001001011
1111111011001111
1111111100101000
1111111100101001
1111111010110110
1111111001111100
1111111001001011
1111111011101111
1111111011000010
1111110111100011
1111111011101110
1111111101000001
1111111111001111
1111111000000111
1111111000011000
1111111010001110
1111111011000100
1111110101101101
1111111001001010
1111111111100010
1111110101111101
1111111001111010
1111111000100111
1111111001101011
1111111100011100
1111111011111101
1111110110111000
1111111010110000
1111111100010001
1111111011001111
1111110111001010
1111111101001011
1111110111110111
1111111110101111
1111111101011000
1111111100011101
1111111111010001
1111111100101111
0000000000100100
1111111111111011
0000000000000110
0000000000000101
0000000000011010
1111111111011000
1111111111110101
1111111111011100
0000000000010100
1111111111111101
0000000000000000
1111111111011000
1111111111101010
1111111111100011
1111111111110110
1111111111100111
1111111000101001
1111111100101001
1111111110110110
1111111011101011
1111111001111011
1111110111011010
1111110111110010
1111111011010010
1111111010000000
1111111010111001
1111111001001011
1111111011001111
1111111100101000
1111111100101001
1111111010110110
1111111001111100
1111111001001011
1111111011101111
1111111011000010
1111110111100011
1111111011101110
1111111101000001
1111111111001111
1111111000000111
0000000000111111
0000000100111111
0000000100010111
0000000000110110
0000000011011011
0000000011100010
0000000001010100
0000000001001010
0000000011110001
0000000001000011
0000000001001000
1111111110001010
0000000001101110
0000000000000110
0000000001110110
0000000100011110
1111111110001111
1111111110101110
1111111101011111
1111111100010110
1111111110001011
1111111111001100
1111111110110101
0000000000011001
0000000000010100
0000000001101010
0000000000000000
1111111110110101
1111111110000100
0000000001001000
1111111111111011
0000000000111110
0000000000100010
1111111111100100
1111111111111001
0000000001011100
0000000000100011
1111111110110111
0000000001011010
0000000000110110
0000000001001010
0000000100111101
1111111100100101
0000000010111011
0000000001011010
0000000001000000
1111111111011110
1111111101001111
1111111101111000
0000000011011110
1111111111111110
0000000001101010
0000000001100011
0000000000001000
0000000111101001
0000000100000100
0000000111001110
1111111110101000
0000000111101000
0000000011101111
0000000100100111
0000000000001001
0000000110000000
0000000101101011
0000000000111111
0000000100111111
0000000100010111
0000000000110110
0000000011011011
0000000011100010
0000000001010100
0000000001001010
0000000011110001
0000000001000011
0000000001001000
1111111110001010
0000000001101110
0000000000000110
0000000001110110
0000000100011110
1111111110001111
1111111110101110
1111111101011111
1111111100010110
1111111110001011
1111111111001100
1111111110110101
0000000000011001
0000000000010100
0000000001101010
0000000000000000
1111111110110101
1111111110000100
0000000001001000
1111111111111011
0000000000111110
0000000000100010
1111111111100100
1111111111111001
0000000001011100
0000000000100011
1111111110110111
0000000001011010
0000000000110110
0000000001001010
0000000100111101
1111111100100101
0000000010111011
0000000001011010
0000000001000000
1111111111011110
1111111101001111
1111111101111000
0000000011011110
1111111111111110
0000000001101010
0000000001100011
0000000000001000
0000000111101001
0000000100000100
0000000111001110
1111111110101000
0000000111101000
0000000011101111
0000000100100111
0000000000001001
0000000110000000
0000000101101011
0000000000000000
0000000000000000
0000000000000000
0000000000000000
0000000000000000
0000000000000000
0000000000000000
0000000000000000
0000000000000000
0000000000000000
0000000000000000
0000000000000000
0000000000000000
0000000000000000
0000000000000000
0000000000000000
0000000000000000
0000000000000000
0000000000000000
0000000000000000
0000000000000000
0000000000000000
0000000000000000
0000000000000000
0000000000000000
0000000000000000
0000000000000000
0000000000000000
0000000000000000
0000000000000000
0000000000000000
0000000000000000
0000000000000000
0000000000000000
0000000000000000
0000000000000000
0000000000000000
0000000000000000
0000000000000000
0000000000000000
0000000000000000
0000000000000000
0000000000000000
0000000000000000
0000000000000000
0000000000000000
0000000000000000
0000000000000000
0000000000000000
0000000000000000
0000000000000000
0000000000000000
0000000000000000
0000000000000000
0000000000000000
0000000000000000
0000000000000000
0000000000000000
0000000000000000
0000000000000000
0000000000000000
0000000000000000
0000000000000000
0000000000000000
0000000000000000
0000000000000000
0000000000000000
0000000000000000
0000000000000000
0000000000000000
0000000000000000
0000000000000000
0000000000000000
0000000000000000
0000000000000000
0000000000000000
0000000000000000
0000000000000000
0000000000000000
0000000000000000
0000000000000000
0000000000000000
0000000000000000
0000000000000000
0000000000000000
0000000000000000
0000000000000000
0000000000000000
0000000000000000
0000000000000000
0000000000000000
0000000000000000
0000000000000000
0000000000000000
0000000000000000
0000000000000000
0000000000000000
0000000000000000
0000000000000000
0000000000000000
0000000000000000
0000000000000000
0000000000000000
0000000000000000
0000000000000000
0000000000000000
0000000000000000
0000000000000000
0000000000000000
0000000000000000
0000000000000000
0000000000000000
0000000000000000
0000000000000000
0000000000000000
0000000000000000
0000000000000000
0000000000000000
0000000000000000
0000000000000000
0000000000000000
0000000000000000
0000000000000000
0000000000000000
0000000000000000
0000000000000000
0000000000000000
0000000000000000
0000000000000000
0000000000000000
0000000000000000
0000000000000000
0000000000000000
xxxxxxxxxxxxxxxx
xxxxxxxxxxxxxxxx
