xxxxxxxxxxxxxxxx
0000000000000000
0000000000000000
0000000000000000
0000000000000000
0000000000000000
0000000000000000
0000000000000000
0000000000000000
0000000000000000
0000000000000000
0000000000000000
0000000000000000
0000000000000000
0000000000000000
0000000000000000
0000000000000000
0000000000000000
0000000000000000
0000000000000000
0000000000000000
0000000000000000
0000000000000000
0000000000000000
0000000000000000
0000000000000000
0000000000000000
0000000000000000
0000000000000000
0000000000000000
0000000000000000
0000000000000000
0000000000000000
0000000000000000
0000000000000000
0000000000000000
0000000000000000
0000000000000000
0000000000000000
0000000000000000
0000000000000000
0000000000000000
0000000000000000
0000000000000000
0000000000000000
0000000000000000
0000000000000000
0000000000000000
0000000000000000
0000000000000000
0000000000000000
0000000000000000
0000000000000000
0000000000000000
0000000000000000
0000000000000000
0000000000000000
0000000000000000
0000000000000000
0000000000000000
0000000000000000
0000000000000000
0000000000000000
0000000000000000
0000000000000000
0000000000000000
0000000000000000
0000000000000000
0000000000000000
1111111100110100
0000000000101000
1111111101001000
1111110110011100
0000000011011111
1111110010101110
0000000000000001
1111111100010011
1111111001000011
1111111111011010
1111110110101001
1111111011011010
1111111111010111
1111111111000101
0000000000000100
1111110011011100
1111110111000110
1111111110110111
1111111001100010
0000000000100001
1111110001110100
1111111111001011
1111111111110100
0000000000101000
1111111010010011
0000000000001111
1111111100010000
1111111011011000
1111111101111000
1111111011111001
0000000001100101
1111111011110000
1111110011010010
1111111111111001
0000000010000001
0000000000100101
0000000010111010
1111111011101111
0000000000001111
1111111000010010
1111111110011110
1111111111101000
1111111100111110
1111111001010010
1111111101100001
1111111000100001
1111111111100110
0000000000100110
1111111000010111
1111111110010011
1111111100101011
1111111000011110
1111111110011110
1111111110110011
1111111111101110
1111111100000001
1111111100101011
0000000000010101
0000000000001000
0000000011111110
1111111110000101
1111111101001111
1111111111101001
1111111010110100
0000001000001000
1111111101000110
0000010000111101
0000010001000000
0000000110000010
0000001000010100
0000000001110001
0000001111001001
0000000011110101
1111111101110101
0000000111010100
0000010010010110
0000001001010111
0000011001010010
1111111110101111
0000010100100110
1111111111010101
1111111110010101
0000010001010111
0000000100100111
0000000001000100
0000001111000100
0000000000001000
0000001101111001
0000001010101110
1111111110100111
0000000011010100
0000001010111101
0000000001010011
0000011000011111
0000000010101001
0000001011101001
0000000100110010
0000000000100010
0000000111101001
0000010110010101
0000000111011100
0000010000111111
0000000011010101
0000010000001100
0000001010011011
0000000000111001
0000000100111001
0000010010101100
0000000100110010
0000001100001100
0000000000111010
0000001000010100
0000000110010101
1111111111000111
0000001011100001
0000000010101011
0000001011100101
0000010000000111
0000000010110001
1111111110011100
0000000110001001
1111111110110111
xxxxxxxxxxxxxxxx
