0000000000000000
0000000000000000
0000000000000000
0000000000000000
0000000000000000
0000000000000000
0000000000000000
0000000000000000
0000000000000000
0000000000000000
0000000000000000
0000000000000000
0000000000000000
0000000000000000
0000000000000000
0000000000000000
0000000000000000
0000000000000000
0000000000000000
0000000000000000
0000000000000000
0000000000000000
0000000000000000
0000000000000000
0000000000000000
0000000000000000
0000000000000000
0000000000000000
0000000000000000
0000000000000000
0000000000000000
0000000000000000
0000000000000000
0000000000000000
0000000000000000
0000000000000000
0000000000000000
0000000000000000
0000000000000000
0000000000000000
0000000000000000
0000000000000000
0000000000000000
0000000000000000
0000000000000000
0000000000000000
0000000000000000
0000000000000000
0000000000000000
0000000000000000
0000000000000000
0000000000000000
0000000000000000
0000000000000000
0000000000000000
0000000000000000
0000000000000000
0000000000000000
0000000000000000
0000000000000000
0000000000000000
0000000000000000
0000000000000000
0000000000000000
0000000000000000
0000000000000000
0000000000000000
0000000000000000
0000000000000000
0000000000000000
0000000000000000
0000000000000000
0000000000000000
0000000000000000
0000000000000000
0000000000000000
0000000000000000
0000000000000000
0000000000000000
0000000000000000
0000000000000000
0000000000000000
0000000000000000
0000000000000000
0000000000000000
0000000000000000
0000000000000000
0000000000000000
0000000000000000
0000000000000000
0000000000000000
0000000000000000
0000000000000000
0000000000000000
0000000000000000
0000000000000000
0000000000000000
0000000000000000
0000000000000000
0000000000000000
0000000000000000
0000000000000000
0000000000000000
0000000000000000
0000000000000000
0000000000000000
0000000000000000
0000000000000000
0000000000000000
0000000000000000
0000000000000000
0000000000000000
0000000000000000
0000000000000000
0000000000000000
0000000000000000
0000000000000000
0000000000000000
0000000000000000
0000000000000000
0000000000000000
0000000000000000
0000000000000000
0000000000000000
0000000000000000
0000000000000000
0000000000000000
0000000000000000
0000000000000000
0000000000000000
0000000000000000
0000000000000000
0000000000000000
1111110000110000
1111110100011101
1111110110001000
1111101011011011
1111110010010101
1111111111000100
1111101011111011
1111110011110101
1111110001001110
1111110011010110
1111111000111001
1111110111111010
1111101101110000
1111110101100000
1111111000100011
1111110110011110
1111101110010100
1111111010010110
1111101111101111
1111111101011110
1111111010110001
1111111000111010
1111111110100010
1111111001011111
0000000001001001
1111111111110110
0000000000001100
0000000000001011
0000000000110101
1111111110110001
1111111111101011
1111111110111000
0000000000101000
1111111111111011
0000000000000001
1111111110110000
1111111111010100
1111111111000110
1111111111101100
1111111111001110
1111110001010011
1111111001010011
1111111101101100
1111110111010110
1111110011110111
1111101110110100
1111101111100100
1111110110100101
1111110100000001
1111110101110011
1111110010010110
1111110110011111
1111111001010000
1111111001010010
1111110101101101
1111110011111000
1111110010010111
1111110111011111
xxxxxxxxxxxxxxxx
